21
23
32
34
42
46
49
53
55
71
73
86
103
115
118
135
140
145
160
188
189
190
192
195
198
202
203
207
212
213
216
227
231
242
253
260
270
273
281
285
302
303
309
313
316
322
325
330
331
337
372
376
379
384
387
391
392
395
399
400
403
415
417
429
437
441
443
447
449
453
460
463
469
470
472
482
497
514
542
570
577
582
586
590
591
592
598
605
610
611
614
624
636
639
642
648
654
655
663
666
670
685
687
689
703
711
712
745
752
760
764
776
790
793
795
798
799
803
828
829
830
832
836
837
838
841
844
847
848
855
857
863
865
874
878
888
889
892
898
903
930
937
938
939
943
949
976
995
996
1006
1007
1017
1019
1022
1036
1037
1040
1041
1046
1052
1053
1054
1066
1067
1068
1078
1080
1081
1082
1083
1084
1097
1104
1108
1113
1117
1119
1128
1135
1137
1142
1143
1149
1153
1174
1177
1183
1184
1188
1192
1195
1196
1202
1203
1209
1212
1213
1215
1216
1218
1220
1223
1230
1232
1243
1247
1250
1251
1259
1263
1272
1290
1297
1307
1309
1311
1315
1317
1321
1333
1338
1345
1352
1353
1358
1379
1381
1396
1399
1402
1409
1425
1428
1436
1442
1444
1446
1458
1462
1467
1470
1479
1485
1486
1492
1494
1495
1496
1498
1507
1523
1524
1525
1533
1537
1542
1555
1576
1587
1597
1604
1608
1612
1619
1623
1627
1641
1644
1646
1664
1668
1669
1685
1689
1696
1700
1715
1717
1732
1736
1743
1745
1752
1795
1797
1809
1823
1825
1865
1869
1878
1882
1883
1884
1885
1909
1928
1932
1946
1954
1968
1972
1977
1987
2007
2009
2023
2038
2041
2050
2057
2059
2062
2075
2081
2089
2090
2096
2102
2104
2109
2116
2119
2123
2124
2125
2127
2128
2129
2132
2134
2139
2147
2151
2155
2160
2164
2165
2166
2171
2174
2175
2183
2185
2193
2196
2212
2213
2227
2230
2236
2240
2245
2250
2255
2266
2274
2286
2287
2288
2303
2326
2329
2344
2358
2364
2377
2378
2388
2393
2395
2397
2399
2400
2403
2404
2405
2406
2417
2418
2427
2430
2433
2435
2440
2441
2449
2451
2452
2462
2463
2476
2495
2504
2508
2513
2516
2524
2535
2537
2538
2539
2540
2541
2552
2553
2554
2564
2572
2586
2588
2590
2593
2604
2615
2624
2626
2635
2649
2665
2677
2691
2697
2699
2704
2707
2709
2710
2716
2732
2736
2737
2741
2743
2744
2746
2748
2750
2753
2754
2757
2759
2760
2766
2768
2771
2775
2779
2797
2807
2808
2814
2816
2825
2831
2846
2848
2853
2854
2857
2860
2864
2874
2881
2882
2887
2889
2902
2910
2933
2936
2938
2942
2951
2953
2960
2961
2973
2979
2984
2989
2990
2993
3012
3025
3032
3043
3049
3053
3056
3063
3081
3089
3090
3091
3097
3098
3101
3113
3115