71
888
2541
2553
2102
2554
648
2564
1537
270
2989
654
1379
1752
2588
2984
1259
2139
2757
482
2753
2537
463
1977
1946
1462
2463
415
3025
1823
1809
190
2887
2165
2151
1523
2504
1104
2508
1795
2513
624
2524
429
1668
1542
2677
1555
687
1399
2665
2942
1576
2057
1402
1108
1968
2119
1689
2933
2691
2116
2710
2697
685
760
227
1736
2626
2615
1732
469
1041
253
2132
1142
2744
2128
1446
1396
1444
1046
2741
2732
878
2123
2951
2775
2038
2779
1425
837
1202
3089
1084
1885
1627
1321
1883
1338
1865
2090
460
1492
1195
2452
2816
1494
2807
140
1209
793
2831
387
3113
2089
874
2853
795
1082
497
392
372
1928
1909
3101
1213
2287
1212
3097
586
1297
3049
2435
2430
605
1022
711
2185
1646
2400
2393
188
1183
1352
2418
2009
1174
1290
3043
2377
2196
830
1188
1097
34
325
1436
42
857
598
836
1525
2245
3091
2707
1496
2236
1623
1184
2059
542
1608
1192
1137
160
2075
2326
2750
2825
799
2748
1587
2760
2709
2104
1604
1644
2889
752
1597
118
2768
2910
712
939
202
1232
2538
55
2495
614
203
2476
1272
309
322
592
591
582
1036
399
21
395
838
1932
1467
1218
2227
379
2255
2250
2540
610
1247
260
2127
1040
2973
855
1715
1250
2604
216
441
943
670
776
1230
2124
2212
1081
666
472
2936
1470
2864
2329
1196
1869
2848
453
1797
1533
73
976
2081
803
2440
636
2433
2395
2746
1669
1309
514
1442
2624
449
2462
1345
231
1696
32
3081
2860
995
1495
2938
1884
192
437
1987
1479
1333
2129
1017
2125
303
930
2399
2586
863
2979
337
212
2007
2174
2193
1080
417
1243
2736
847
2990
2286
316
611
1067
1203
3032
745
1745
2716
577
1066
302
447
49
1006
1664
1177
2649
1053
938
2147
1428
2961
2993
1007
2388
892
2403
2175
2857
1612
2854
1825
937
2902
1311
2397
1263
376
865
1135
443
764
2213
2808
1485
2881
86
2953
1878
1128
2449
1052
1972
2406
2364
1315
1743
1153
2160
2635
3012
2704
198
2062
1054
1507
2096
903
1068
2405
400
2378
570
3056
828
2266
889
2535
639
2814
53
1486
1149
2274
1083
145
2593
1117
2874
1215
281
1251
1619
2846
2171
2417
2451
655
2023
2590
2404
313
46
1317
1223
2050
2134
1143
1353
2516
1216
1220
663
242
391
2960
2230
384
3115
2427
2240
829
1717
841
1358
2358
2288
832
403
1954
2041
2155
2164
2344
330
996
1078
2166
590
3063
23
2441
642
2552
1882
1019
3090
2303
1498
2572
273
898
3098
1037
2183
2539
470
703
2882
103
135
949
1700
790
2797
1641
844
2699
1113
213
1685
1119
207
189
2109
2771
115
195
1409
2737
689
1307
2759
2754
2766
285
331
1381
1458
1524
2743
3053
848
798